0 798
1 478
2 1369
3 457
4 775
5 390
6 747
7 614
8 482
9 336
10 526
11 731
12 468
13 334
14 1842
15 368
16 464
17 462
18 700
19 462
20 714
21 466
22 611
23 641
24 522
25 668
26 674
27 1130
28 340
29 617
30 174
31 777
32 425
33 179
34 945
35 176
36 611
37 715
38 368
39 338
40 343
41 399
42 373
43 465
44 518
45 177
46 524
47 375
48 662
49 393
50 378
51 581
52 626
53 490
54 670
55 358
56 709
57 658
58 796
59 514
60 176
61 385
62 387
63 469
64 397
65 543
66 575
67 516
68 393
69 565
70 446
71 517
72 561
73 557
74 547
75 397
76 391
77 1179
78 340
79 462
80 342
81 340
82 575
83 727
84 567
85 370
86 575
87 392
88 176
89 384
90 183
91 532
92 355
93 678
94 535
95 371
96 387
97 569
98 401
99 261
100 569
101 263
102 510
103 569
104 498
105 674
106 517
107 369
108 352
109 340
110 520
111 492
112 590
113 425
114 573
115 178
116 565
117 502
118 1808
119 367
120 366
121 593
122 513
123 660
124 561
125 517
126 629
127 518
128 542
129 445
130 518
131 721
132 373
133 555
134 395
135 394
136 178
137 625
138 423
139 524
140 662
141 365
142 561
143 522
144 282
145 470
146 255
147 261
148 623
149 332
150 375
151 259
152 176
153 680
154 477
155 472
156 435
157 296
158 630
159 300
160 372
161 263
162 346
163 508
164 334
165 1474
166 636
167 350
168 648
169 520
170 177
171 510
172 683
173 295
174 251
175 178
176 408
177 1190
178 174
179 544
180 554
181 366
182 383
183 182
184 559
185 715
186 658
187 176
188 383
189 544
190 502
191 174
192 641
193 178
194 561
195 599
196 364
197 452
198 178
199 451
200 436
201 176
202 176
203 269
204 1056
205 694
206 504
207 362
208 547
209 368
210 372
211 263
212 670
213 680
214 174
215 425
216 502
217 544
218 375
219 384
220 174
221 566
222 490
223 369
224 370
225 557
226 358
227 353
228 174
229 174
230 174
231 415
232 393
233 367
234 563
235 620
236 174
237 176
238 480
239 397
240 174
241 568
242 615
243 177
244 425
245 176
246 177
247 176
248 585
249 174
250 298
251 389
252 389
253 435
254 546
255 617
256 371
257 176
258 707
259 348
260 381
261 395
262 469
263 370
264 247
265 370
266 371
267 346
268 344
269 332
270 589
271 372
272 377
273 557
274 397
275 561
276 174
277 394
278 180
279 365
280 595
281 524
282 585
283 743
284 573
285 364
286 344
287 178
288 413
289 368
290 625
291 518
292 419
293 523
294 401
295 332
296 583
297 764
298 445
299 575
300 369
301 411
302 366
303 176
304 174
305 409
306 178
307 427
308 394
309 360
310 678
311 176
312 757
313 575
314 391
315 383
316 362
317 482
318 1004
319 399
320 636
321 374
322 651
323 409
324 176
325 394
326 624
327 176
328 176
329 403
330 178
331 664
332 494
333 427
334 550
335 177
336 176
337 707
338 174
339 897
340 664
341 654
342 385
343 603
344 482
345 504
346 285
347 607
348 377
349 527
350 263
351 176
352 241
353 587
354 488
355 176
356 376
357 267
358 623
359 370
360 334
361 174
362 271
363 569
364 367
365 178
366 399
367 350
368 591
369 423
370 349
371 328
372 537
373 355
374 588
375 879
376 178
377 379
378 587
379 176
380 176
381 401
382 178
383 391
384 176
385 376
386 176
387 362
388 566
389 394
390 176
391 567
392 364
393 718
394 289
395 330
396 176
397 642
398 176
399 384
400 175
401 176
402 346
403 533
404 5165
405 383
406 257
407 178
408 387
409 341
410 176
411 665
412 621
413 174
414 591
415 174
416 178
417 368
418 178
419 178
420 174
421 346
422 174
423 178
424 178
425 1150
426 393
427 174
428 399
429 545
430 587
431 399
432 342
433 176
434 178
435 179
436 425
437 354
438 363
439 409
440 407
441 401
442 178
443 370
444 609
445 567
446 532
447 182
448 172
449 176
450 635
451 393
452 379
453 178
454 587
455 425
456 397
457 176
458 636
459 176
460 573
461 556
462 180
463 176
464 176
465 176
466 380
467 352
468 539
469 356
470 358
471 443
472 1564
473 176
474 178
475 381
476 180
477 180
478 186
479 469
480 643
481 177
482 858
483 291
484 283
485 269
486 188
487 1865
488 407
489 255
490 927
491 610
492 346
493 267
494 782
495 265
496 328
497 186
498 271
499 211
500 184
501 178
502 176
503 265
504 178
505 178
506 166
507 415
508 490
509 360
510 316
511 741
512 354
513 312
514 613
515 387
516 1126
517 449
518 295
519 395
520 336
521 344
522 654
523 437
524 346
525 319
526 458
527 255
528 170
529 648
530 383
531 538
532 304
533 241
534 548
535 664
536 597
537 589
538 2383
539 2360
540 3626
541 362
542 366
543 765
544 292
545 2342
546 2686
547 3501
548 3167
549 1852
550 2178
551 3258
552 1354
553 2662
554 2104
555 2040
556 1808
557 3346
558 1476
559 3719
560 974
561 767
562 1011
563 3500
564 1431
565 2143
566 634
567 1435
568 1894
569 3529
570 3217
571 677
572 2624
573 704
574 980
575 2180
576 953
577 684
578 2909
579 842
580 1154
581 2947
582 2284
583 3320
584 1990
585 1383
586 364
587 486
588 415
589 439
590 2964
591 1318
592 1148
593 76105
594 361
595 245
596 273
597 830
598 1840
599 889
600 303
601 610
602 247
603 870
604 1271
605 407
606 430
607 172
608 266
609 378
610 245
611 263
612 822
613 259
614 257
615 992
616 179
617 635
618 485
619 962
620 1130
621 441
622 276
623 255
624 273
625 168
626 383
627 439
628 433
629 435
630 415
631 911
632 559
633 753
634 890
635 1814
636 769
637 2405
638 779
639 3316
640 893
641 2630
642 452
643 1282
644 520
645 423
646 970
647 546
648 919
649 753
650 652
651 532
652 352
653 475
654 636
655 601
656 928
657 709
658 635
659 652
660 1656
661 760
662 1919
663 836
664 571
665 452
666 797
667 824
668 1269
669 494
670 676
671 395
672 379
673 170
674 512
675 168
676 579
677 366
678 707
679 389
680 224
681 403
682 895
683 869
684 551
685 652
686 557
687 546
688 421
689 1059
690 765
691 188
692 478
693 741
694 286
695 955
696 980
697 806
698 288
699 378
700 621
701 174
702 674
703 640
704 173
705 882
706 1062
707 734
708 563
709 177
710 319
711 283
712 658
713 403
714 186
715 1124
716 431
717 184
718 279
719 2423
720 615
721 385
722 417
723 846
724 281
725 690
726 652
727 182
728 306
729 470
730 184
731 498
732 625
733 180
734 387
735 836
736 713
737 439
738 741
739 516
740 852
741 340
742 700
743 709
744 660
745 786
746 375
747 466
748 490
749 174
750 563
751 669
752 520
753 577
754 184
755 184
756 172
757 840
758 356
759 536
760 574
761 403
762 725
763 911
764 403
765 715
766 168
767 751
768 366
769 799
770 170
771 447
772 712
773 360
774 180
775 575
776 491
777 174
778 656
779 771
780 704
781 381
782 646
783 269
784 259
785 176
786 266
787 182
788 259
789 174
790 575
791 294
792 172
793 264
794 233
795 587
796 267
797 181
798 642
799 568
800 1188
801 182
802 417
803 852
804 299
805 472
806 577
807 545
808 504
809 175
810 225
811 907
812 850
813 456
814 834
815 441
816 415
817 725
818 178
819 636
820 436
821 546
822 543
823 607
824 287
825 773
826 193
827 810
828 184
829 502
830 666
831 676
832 180
833 923
834 777
835 500
836 644
837 429
838 237
839 695
840 393
841 405
842 484
843 170
844 648
845 411
846 249
847 261
848 591
849 177
850 872
851 176
852 194
853 494
854 1023
855 411
856 272
857 243
858 533
859 261
860 402
861 259
862 247
863 166
864 484
865 538
866 306
867 473
868 557
869 444
870 579
871 187
872 171
873 696
874 721
875 170
876 447
877 553
878 445
879 172
880 606
881 395
882 473
883 611
884 449
885 500
886 768
887 721
888 764
889 178
890 435
891 830
892 615
893 668
894 180
895 658
896 558
897 619
898 518
899 182
900 508
901 172
902 510
903 174
904 372
905 403
906 743
907 196
908 408
909 188
910 405
911 259
912 570
913 168
914 395
915 393
916 630
917 818
918 365
919 769
920 393
921 184
922 676
923 363
924 184
925 183
926 183
927 486
928 1033
929 200
930 490
931 183
932 658
933 666
934 421
935 184
936 520
937 411
938 304
939 423
940 261
941 656
942 624
943 541
944 237
945 538
946 273
947 255
948 172
949 259
950 170
951 395
952 640
953 181
954 471
955 178
956 291
957 200
958 571
959 815
960 308
961 256
962 459
963 743
964 265
965 543
966 281
967 379
968 176
969 376
970 358
971 358
972 646
973 328
974 170
975 348
976 618
977 363
978 174
979 174
980 180
981 171
982 484
983 188
984 172
985 715
986 380
987 172
988 174
989 463
990 180
991 160
992 176
993 182
994 168
995 504
996 415
997 425
998 370
999 391
