0 239
1 275
2 642
3 415
4 587
5 322
6 405
7 298
8 460
9 446
10 429
11 295
12 391
13 395
14 443
15 599
16 535
17 312
18 275
19 470
20 304
21 446
22 336
23 258
24 609
25 306
26 389
27 235
28 234
29 474
30 266
31 255
32 602
33 340
34 295
35 585
36 340
37 407
38 380
39 188
40 382
41 174
42 265
43 318
44 551
45 494
46 543
47 375
48 478
49 557
50 296
51 548
52 310
53 546
54 460
55 573
56 354
57 299
58 607
59 595
60 336
61 176
62 452
63 263
64 635
65 356
66 561
67 396
68 597
69 1425
70 403
71 565
72 415
73 581
74 413
75 634
76 425
77 316
78 435
79 962
80 1204
81 297
82 1435
83 464
84 358
85 429
86 340
87 690
88 286
89 326
90 552
91 403
92 753
93 791
94 365
95 279
96 245
97 417
98 180
99 583
100 317
101 181
102 492
103 515
104 189
105 279
106 585
107 520
108 486
109 181
110 415
111 851
112 544
113 506
114 202
115 351
116 613
117 326
118 461
119 3729
120 453
121 330
122 539
123 272
124 243
125 439
126 263
127 239
128 498
129 241
130 459
131 257
132 461
133 237
134 494
135 441
136 316
137 257
138 395
139 451
140 543
141 239
142 603
143 271
144 263
145 464
146 603
147 275
148 261
149 262
150 302
151 486
152 291
153 178
154 585
155 695
156 174
157 328
158 336
159 259
160 178
161 401
162 261
163 178
164 172
165 858
166 509
167 636
168 534
169 647
170 694
171 417
172 330
173 328
174 468
175 411
176 398
177 332
178 178
179 362
180 349
181 913
182 915
183 6458
184 2156
185 3217
186 1845
187 2925
188 2043
189 1761
190 1926
191 1488
192 1111
193 2233
194 1850
195 2043
196 1676
197 2140
198 2440
199 1067
200 1315
201 2789
202 2288
203 586
204 589
205 1602
206 838
207 1543
208 2678
209 747
210 946
211 836
212 45500
213 2381
214 2136
215 1782
216 1255
217 1212
218 1292
219 2300
220 475
221 4802
222 1119
223 2081
224 2290
225 2322
226 1186
227 1075
228 958
229 694
230 865
231 38702
232 472
233 357
234 174
235 1498
236 2780
237 174
238 4614
239 174
240 1030
241 650
242 2593
243 786
244 895
245 454
246 567
247 336
248 401
249 547
250 269
251 543
252 457
253 227
254 672
255 176
256 953
257 253
258 484
259 482
260 263
261 237
262 174
263 263
264 233
265 672
266 176
267 626
268 601
269 318
270 510
271 466
272 172
273 442
274 259
275 240
276 406
277 423
278 480
279 577
280 176
281 176
282 299
283 615
284 174
285 266
286 176
287 174
288 263
289 263
290 237
291 498
292 270
293 174
294 176
295 573
296 241
297 180
298 233
299 695
300 358
301 180
302 370
303 1119
304 372
305 182
306 1075
307 974
308 1058
309 538
310 448
311 261
312 178
313 664
314 1644
315 561
316 616
317 761
318 626
319 411
320 1231
321 688
322 1091
323 176
324 710
325 174
326 259
327 178
328 242
329 3168
330 1051
331 624
332 428
333 367
334 706
335 757
336 176
337 462
338 658
339 525
340 455
341 455
342 662
343 180
344 1539
345 652
346 528
347 712
348 476
349 176
350 706
351 743
352 530
353 419
354 715
355 795
356 502
357 463
358 182
359 747
360 478
361 364
362 765
363 775
364 174
365 539
366 774
367 184
368 400
369 1174
370 296
371 177
372 490
373 372
374 178
375 644
376 616
377 176
378 486
379 1314
380 176
381 703
382 658
383 676
384 328
385 176
386 778
387 174
388 472
389 486
390 686
391 174
392 988
393 178
394 559
395 526
396 682
397 346
398 388
399 508
400 175
401 642
402 174
403 178
404 444
405 179
406 542
407 334
408 775
409 379
410 666
411 729
412 358
413 328
414 176
415 176
416 401
417 390
418 597
419 261
420 247
421 178
422 174
423 254
424 178
425 425
426 175
427 175
428 587
429 257
430 178
431 176
432 368
433 240
434 176
435 704
436 246
437 259
438 617
439 385
440 176
441 388
442 176
443 172
444 178
445 176
446 617
447 174
448 563
449 178
450 176
451 336
452 676
453 267
454 176
455 178
456 259
457 383
458 555
459 453
460 265
461 342
462 164
463 598
464 709
465 176
466 423
467 670
468 346
469 429
470 585
471 178
472 405
473 593
474 577
475 180
476 176
477 421
478 389
479 176
480 717
481 178
482 619
483 381
484 176
485 178
486 176
487 510
488 569
489 638
490 178
491 175
492 721
493 176
494 687
495 178
496 537
497 176
498 174
499 176
500 425
501 174
502 178
503 392
504 385
505 571
506 177
507 178
508 176
509 177
510 628
511 176
512 183
513 178
514 702
515 904
516 185
517 771
518 462
519 527
520 670
521 297
522 409
523 260
524 287
525 290
526 523
527 624
528 245
529 267
530 594
531 415
532 506
533 460
534 1311
535 4037
536 466
537 496
538 299
539 253
540 235
541 486
542 427
543 577
544 525
545 682
546 326
547 405
548 625
549 293
550 633
551 637
552 450
553 843
554 596
555 581
556 217
557 330
558 571
559 425
560 336
561 283
562 484
563 265
564 296
565 506
566 712
567 587
568 387
569 184
570 656
571 421
572 623
573 589
574 456
575 370
576 470
577 585
578 379
579 419
580 691
581 463
582 1230
583 644
584 563
585 811
586 407
587 455
588 336
589 382
590 611
591 419
592 583
593 613
594 459
595 421
596 660
597 378
598 494
599 713
600 396
601 423
602 422
603 853
604 172
605 680
606 350
607 415
608 355
609 518
610 322
611 953
612 579
613 369
614 348
615 358
616 362
617 187
618 1212
619 638
620 515
621 613
622 368
623 546
624 184
625 727
626 565
627 277
628 374
629 387
630 625
631 550
632 421
633 451
634 170
635 691
636 421
637 579
638 704
639 373
640 378
641 356
642 551
643 294
644 367
645 342
646 618
647 423
648 172
649 270
650 269
651 275
652 387
653 176
654 633
655 172
656 184
657 605
658 583
659 185
660 480
661 681
662 435
663 366
664 378
665 639
666 438
667 618
668 174
669 391
670 696
671 401
672 168
673 265
674 405
675 465
676 172
677 259
678 421
679 263
680 271
681 251
682 261
683 174
684 559
685 263
686 255
687 457
688 427
689 391
690 628
691 575
692 185
693 807
694 186
695 483
696 535
697 302
698 272
699 561
700 271
701 449
702 245
703 281
704 182
705 183
706 182
707 235
708 270
709 469
710 184
711 474
712 389
713 237
714 237
715 176
716 170
717 417
718 390
719 662
720 437
721 178
722 452
723 386
724 172
725 490
726 387
727 421
728 571
729 575
730 385
731 587
732 622
733 393
734 377
735 176
736 172
737 453
738 362
739 572
740 544
741 369
742 540
743 451
744 174
745 293
746 638
747 437
748 535
749 176
750 288
751 443
752 425
753 243
754 425
755 174
756 478
757 1274
758 488
759 502
760 506
761 482
762 709
763 419
764 554
765 386
766 168
767 2411
768 192
769 670
770 316
771 277
772 197
773 546
774 500
775 536
776 484
777 269
778 182
779 245
780 539
781 174
782 289
783 455
784 470
785 593
786 445
787 195
788 636
789 753
790 247
791 563
792 184
793 462
794 172
795 383
796 265
797 197
798 454
799 721
800 192
801 732
802 618
803 666
804 411
805 192
806 187
807 452
808 186
809 617
810 725
811 664
812 352
813 522
814 280
815 432
816 265
817 276
818 172
819 265
820 698
821 298
822 472
823 858
824 498
825 652
826 464
827 186
828 500
829 184
830 178
831 182
832 515
833 470
834 308
835 405
836 249
837 808
838 428
839 461
840 182
841 458
842 716
843 522
844 190
845 658
846 569
847 611
848 174
849 759
850 772
851 421
852 745
853 628
854 502
855 816
856 205
857 818
858 194
859 180
860 634
861 193
862 652
863 350
864 784
865 312
866 352
867 201
868 172
869 186
870 508
871 188
872 517
873 429
874 348
875 520
876 678
877 367
878 670
879 294
880 267
881 267
882 695
883 468
884 205
885 192
886 502
887 818
888 419
889 403
890 182
891 185
892 650
893 205
894 725
895 723
896 480
897 249
898 182
899 528
900 446
901 459
902 176
903 945
904 1472
905 265
906 186
907 278
908 636
909 282
910 298
911 289
912 291
913 988
914 240
915 628
916 322
917 656
918 692
919 280
920 292
921 285
922 922
923 184
924 228
925 467
926 196
927 589
928 184
929 269
930 858
931 666
932 263
933 281
934 494
935 182
936 372
937 360
938 300
939 581
940 187
941 279
942 461
943 292
944 263
945 259
946 573
947 336
948 298
949 190
950 182
951 393
952 259
953 271
954 186
955 698
956 259
957 368
958 174
959 168
960 184
961 184
962 281
963 1231
964 186
965 546
966 195
967 836
968 189
969 486
970 180
971 709
972 676
973 168
974 828
975 184
976 298
977 239
978 575
979 170
980 654
981 442
982 201
983 431
984 263
985 172
986 606
987 261
988 684
989 304
990 419
991 269
992 261
993 836
994 184
995 308
996 664
997 172
998 334
999 237
